X	Y
3.959	90.486
4.713	121.779
5.844	175.694
4.336	214.904
5.844	243.558
19.040	246.951
44.677	236.018
62.775	222.822
85.773	219.429
111.411	202.839
127.623	197.184
131.770	225.084
137.803	243.558
162.309	248.459
193.979	248.837
232.059	247.328
240.730	234.510
243.370	205.479
245.255	175.317
237.714	168.530
230.551	159.105
214.716	149.679
203.405	148.548
196.242	141.007
189.078	119.517
184.931	105.944
173.997	105.944
166.457	110.091
154.015	121.402
137.049	127.811
112.542	132.336
99.346	133.090
79.364	127.434
72.954	114.616
64.660	99.158
52.218	96.518
32.990	96.141
17.155	92.748
